31
32
33
36
60
62
66
69
70
73
74
75
76
77
78
79
80
85
88
91
92
93
95
96
97
98
99
100
101
102
103
104
105
106
107
108
109
110
111
112
113
114
115
116
117
118
119
120
121
122
123
124
125
126
127
128
129
130
131
132
133
134
135
136
137
138
139
140
141
142
143
144
145
146
147
148
149
150
151
152
153
154
155
156
157
158
159
160
161
162
163
164
165
166
167
168
169
170
171
172
174
175
176
177
178
179
180
181
182
183
184
185
186
187
188
189
190
191
192
193
194
195
196
197
198
199
200
201
202
203
204
205
206
207
208
209
210
211
212
213
214
215
216
217
219
220
221
222
223
224
225
226
227
228
229
230
231
232
233
234
235
236
237
238
239
240
241
242
243
244
245
246
247
248
249
250
251
252
253
254
255
256
257
258
259
260
261
262
263
264
266
267
268
269
270
271
272
273
274
275
276
277
278
279
280
281
282
283
284
285
286
287
288
289
290
291
292
293
294
295
296
297
299
300
301
302
303
304
305
306
307
308
309
310
311
312
313
314
315
316
317
318
319
320
321
322
323
324
325
326
327
328
329
330
331
332
333
334
335
336
337
338
339
340
342
343
344
345
346
347
348
349
350
351
352
353
356
357
358
359
360
361
362
363
364
365
366
367
368
369
370
371
372
373
374
377
378
379
380
381
382
383
384
385
386
387
388
389
390
391
392
393
395
396
397
398
399
400
401
402
403
404
405
406
407
408
409
410
411
412
413
414
415
416
417
418
420
421
422
423
424
426
427
428
429
430
431
432
433
434
435
436
437
438
439
441
442
443
444
445
446
447
448
449
450
451
452
453
454
455
456
457
458
459
460
461
462
463
464
465
467
468
469
470
471
472
473
474
475
476
477
478
479
480
481
483
484
485
486
487
488
489
490
491
492
493
494
495
496
497
498
499
500
501
502
503
505
506
507
508
509
510
511
512
513
514
515
516
517
518
519
520
521
522
523
524
525
526
527
528
529
530
531
532
533
534
535
536
537
538
539
540
541
542
543
544
545
546
547
548
549
550
551
552
553
555
557
559
561
563
565
567
573
587
589
591
593
595
597
599
601
603
605
607
609
611
613
615
617
619
621
623
625
627
629
631
633
635
637
639
641
643
645
647
649
651
653
655
657
659
661
663
665
667
675
677
679
681
683
687
689
691
693
695
697
699
701
703
705
707
711
713
715
717
719
721
723
725
727
729
731
733
735
737
739
741
743
745
747
749
751
753
755
757
759
761
763
765
767
769
771
773
775
777
779
781
783
785
787
789
791
793
795
797
799
801
803
805
807
809
811
813
815
817
819
821
823
825
827
829
831
833
835
837
839
841
843
845
847
849
851
853
855
857
859
861
863
865
867
869
873
877
879
881
883
885
887
889
891
893
895
897
899
901
903
905
907
909
911
913
915
917
919
921
923
925
927
931
935
937
939
941
943
945
947
949
951
953
955
957
959
961
963
965
967
969
971
973
975
977
979
981
983
985
987
989
991
993
995
997
999
1001
1003
1005
1007
1009
1013
1014
1015
1016
1017
1018
1019
1020
1021
1022
1024
1027
1028
1029
1031
1032
1033
1034
1035
1036
1037
1038
1039
1041
1042
1043
1044
1047
1048
1049
1050
1051
1052
1053
1055
1056
1057
1058
1059
1060
1061
1062
1063
1064
1065
1067
1068
1069
1070
1071
1074
1075
1077
1078
1079
1081
1082
1084
1085
1086
1089
1091
1093
1094
1096
1097
1098
1100
1102
1103
1104
1105
1106
1107
1108
1111
1113
1114
1115
1116
1117
1118
1119
1120
1121
1122
1123
1124
1125
1126
1127
1129
1130
1131
1132
1134
1136
1137
1138
1139
1140
1142
1143
1144
1147
1148
1151
1153
1154
1159
1160
1161
1163
1164
1165
1166
1168
1169
1173
1174
1176
1177
1178
1179
1183
1184
1187
1188
1189
1190
1191
1192
1193
1194
1195
1196
1197
1198
1199
1200
1201
1203
1206
1207
1208
1209
1210
1211
1212
1213
1214
1216
1217
1220
1221
1222
1223
1224
1225
1226
1227
1229
1230
1231
1232
1233
1235
1237
1239
1240
1241
1243
1244
1248
1249
1250
1251
1252
1254
1256
1257
1478
1479
1480
1481
1482
1483
1484
1485
1486
1487
1488
1489
1490
1491
1492
1493
1494
1495
1496
1497
1498
1499
1500
1501
1502
1503
1504
1505
1506
1507
1509
1510
1511
1512
1513
1514
1515
1516
1517
1518
1519
1520
1521
1522
1523
1524
1525
1526
1527
1528
1529
1530
1531
1532
1533
1534
1535
1536
1537
1538
1539
1540
1541
1542
1544
1545
1546
1547
1548
1549
1550
1551
1552
1553
1554
1555
1556
1557
1558
1559
1561
1562
1563
1564
1565
1566
1567
1568
1569
1570
1571
1572
1573
1574
1575
1576
1577
1578
1579
1580
1582
1583
1584
1585
1586
1587
1588
1589
1591
1592
1593
1594
1595
1596
1597
1598
1599
1600
1601
1602
1603
1604
1605
1606
1607
1608
1609
1610
1611
1612
1613
1614
1615
1616
1617
1618
1619
1620
1621
1622
1623
1624
1625
1626
1627
1629
1630
1631
1632
1633
1634
1635
1636
1637
1638
1639
1640
1641
1642
1643
1644
1645
1646
1647
1648
1649
1650
1651
1652
1653
1654
1655
1656
1657
1658
1659
1660
1661
1662
1663
1664
1665
1666
1667
1668
1669
1670
1671
1672
1673
1674
1675
1979
1980
1981
1982
1983
1984
1985
1986
1987
1988
1989
1990
1991
1992
1993
1994
1995
1996
1997
1998
1999
2000
2001
2002
2003
2004
2005
2006
2007
2008
2009
2010
2011
2012
2013
2014
2015
2016
2017
2018
2019
2020
2021
2022
2023
2024
2025
2026
2027
2028
2029
2030
2031
2032
2033
2034
2035
2036
2037
2038
2039
2040
2041
2042
2043
2044
2045
2046
2047
2048
2049
2050
2051
2052
2053
2054
2055
2056
2057
2058
2059
2060
2061
2062
2063
2064
2065
2066
2067
2068
2069
2070
2071
2072
2073
2074
2075
2076
2077
2078
2079
2080
2081
2082
2083
2084
2085
2086
2087
2088
2089
2090
2091
2092
2093
2094
2095
2096
2097
2098
2099
2100
2101
2102
2103
2104
2105
2106
2107
2108
2109
2110
2111
2112
2113
2114
2115
2116
2117
2118
2119
2120
2121
2122
2123
2124
2125
2126
2127
2128
2129
2130
2131
2132
2133
2134
2135
2136
2137
2138
2139
2140
2141
2142
2143
2144
2145
2146
2147
2148
2149
2150
2151
2152
2153
2154
2155
2156
2157
2158
2159
2160
2161
2162
2163
2164
2165
2166
2167
2168
2169
2170
2171
2172
2173
2174
2175
2176
2177
2178
2179
2180
2181
2182
2183
2184
2185
2186
2187
2188
2189
2190
2191
2192
2193
2194
2195
2196
2197
2198
2199
2200
2201
2202
2203
2204
2205
2206
2207
2208
2209
2210
2211
2212
2213
2214
2215
2216
2217
2218
2219
2220
2221
2222
2223
2224
2225
2226
2227
2228
2229
2230
2231
2232
2233
2234
2235
2236
2237
2238
2239
2240
2241
2242
2243
2244
2245
2246
2247
2248
2249
2250
2251
2252
2253
2254
2255
2256
2257
2258
2259
2260
2261
2262
2263
2264
2265
2266
2267
2268
2269
2270
2271
2272
2273
2274
2275
2276
2277
2278
2279
2280
2287
2288
2291
2297
2299
2300
2301
2303
2304
2306
2307
2308
2309
2310
2311
2313
2314
2315
2318
2319
2320
2321
2322
2324
2325
2326
2327
2329
2330
2331
2333
2334
2335
2336
2339
2340
2341
2344
2345
2346
2347
2348
2349
2350
2355
2364
2370
2373
2374
2375
2376
2377
2381
2386
2399
2413
2418
2438
2443
2470
2480
2488
2492
2502
2514
2518
2564
2574
2584
2588
2593
2598
2603
2618
2619
2629
2638
2641
2646
2659
2664
2665
2668
2674
2677
2680
2692
2695
2698
7300
7306
7309
7312
7315
7318
7321
7324
7327
7330
7333
7336
7339
7342
7345
7348
7351
7354
7357
7360
7363
7366
7369
7372
7375
7378
7381
7384
7387
7393
7396
7399
7402
7405
7408
7411
7414
7417
7420
7423
7426
7429
7432
7435
7438
7441
7444
7447
7450
7453
7456
7459
7462
7465
7468
7471
7474
7477
7480
7483
7486
7489
7492
7495
7498
7501
7504
7507
7510
7513
7516
7519
7522
7525
7528
7531
7534
7537
7540
7543
7546
7549
7552
7555
7558
7561
7564
7567
7570
7573
7576
7579
7582
7585
7588
7591
7594
7597
7603
7612
7615
7618
7621
7624
7627
7630
7633
7636
7639
7645
7648
7651
7654
7657
7660
7663
7666
7669
7672
7675
7678
7681
7684
7687
7690
7693
7696
7699
7702
7705
7708
7711
7714
7717
7720
7723
7726
7729
7732
7735
7738
7741
7744
7747
7750
7753
7756
7759
7762
7765
7768
7771
7774
7777
7780
7783
7786
7789
7792
7795
7798
7801
7804
7807
7810
7813
7816
7819
7822
7825
7828
7831
7834
7837
7840
7843
7846
7849
7852
7855
7858
7861
7864
7867
7870
7873
7876
7879
7882
7885
7888
7891
7894
7897
7900
7903
7906
7909
7912
7915
7918
7921
7924
7927
7930
7933
7936
7939
7942
7945
7948
7951
7954
7957
7960
7963
7966
7969
7972
7975
7978
7981
7984
7987
7990
7993
7996
7999
8002
8005
8008
8011
8014
8017
8020
8023
8026
8029
8032
8035
8038
8041
8044
8047
8050
8053
8056
8059
8062
8065
8068
8071
8074
8077
8080
8083
8086
8089
8092
8095
8098
8871
8876
8881
8886
8901
8926
8936
8949
8957
8977
8989
8993
9013
9017
9025
9037
9042
9045
9048
9051
9054
9061
9066
9071
9106
9111
9121
9126
9461
9466
9471
9501
9511
9516
9526
9546
9551
9556
9561
9566
9581
9611
9621
9636
9646
9651
9671
9681
9691
9696
9701
9716
9721
9726
9741
9751
9756
9766
9771
9776
9786
9791
9796
9806
9811
9821
9826
9851
9856
9866
9876
9886
9891
9911
9916
9921
9926
9931
9936
9941
9946
9951
9961
9966
9971
10001
10009
10013
10021
10025
10041
10045
10073
10113
10117
10121
10125
10129
10133
10141
10145
10149
10157
10161
10165
10169
10173
10177
10181
10185
10192
10198
10201
10204
10207
10210
10214
10216
10224
10229
10234
10239
10244
10246
10251
10256
10261
10266
10271
10276
10281
10286
10291
10296
10301
10306
10311
10316
10321
10326
10331
10336
10346
10351
10356
10361
10366
10371
10376
10381
10386
10391
10396
10401
10406
10411
10416
10421
10426
10431
10436
10441
10451
10456
10461
10466
10471
10476
10486
10491
10496
10501
10506
10511
10516
10521
10526
10536
10541
10546
10551
10561
10566
10581
10596
10616
10621
10626
10637
10645
10653
10673
10729
10737
10753
10757
10781
10789
10793
10829
10845
10857
10865
10869
10877
10885
10889
10893
10897
10905
10909
10913
10929
10933
10937
10941
10969
10973
10977
10985
10989
10993
11000
11007
11008
11009
11013
11017
11037
11041
11046
11047
11048
11063
11107
11126
11132
11162
11175
11183
11191
11195
11203
11208
11211
11212
11216
11220
11224
11232
11236
11240
11244
11256
11260
11280
11284
11304
11308
11328
11344
11348
11352
11356
11368
11395
11400
11420
11430
11445
11455
11460
11480
11484
11488
11492
11496
11516
11520
11528
11532
11540
11544
11548
11560
11568
11572
11610
11625
11652
11679
11682
11706
11733
11748
11763
11769
11784
11793
11796
11820
11823
11826
11829
11832
11838
11844
11850
11853
11856
11859
11862
11865
11868
11871
11874
11896
11897
11898
11900
11902
11903
11904
11907
11908
11909
11910
11911
11913
11915
11920
11921
11923
11924
11925
11929
11930
11931
11932
11935
11936
11938
11940
11941
11943
11944
11946
11947
11950
11955
11960
11964
11965
11966
11967
11968
11969
11971
11973
11974
11983
11985
11986
11988
11990
11993
11994
11996
11997
11998
12001
12007
12013
12022
12029
12031
12045
12051
12054
12066
12075
12105
12126
12138
12153
12165
12177
12180
12186
12216
12222
12231
12237
12270
12273
12282
12285
12291
12300
12312
12318
12324
12327
12336
12339
12342
12345
12351
12354
12369
12378
12387
12390
12396
12411
12417
12433
12448
12460
12475
12478
12487
12493
12496
12502
12505
12530
12562
12586
12589
12595
12600
12644
12652
12664
12688
12740
12790
12791
12792
12805
12813
12820
12828
12864
12890
12896
12906
12930
12998
13014
13038
13046
13050
13058
13070
13126
13138
13159
13187
13227
13251
13255
13271
13283
13343
13363
13375
13424
13456
13460
13468
13476
13488
13530
13542
13548
13554
13572
13586
13607
13617
13623
13641
13664
13684
13694
13710
13719
13729
13739
13744
13754
13794
13814
13856
13864
13892
13900
13908
13921
13922
13929
13952
13957
13982
14002
14017
14047
14067
14082
14087
14117
14132
14135
14145
14178
14183
14190
14199
14206
14216
14234
14240
14246
14264
14282
14294
14306
14318
14321
14327
14339
14351
14373
14379
14381
14387
14391
14395
14399
14411
14415
14423
14427
14435
14439
14452
14472
14488
14492
14520
14528
14540
14548
14552
14560
14564
14568
14578
14594
14638
14656
14664
14668
14672
14688
14716
14721
14747
14755
14771
14787
14795
14803
14807
14811
14819
14827
14835
14840
14849
14855
14858
14870
14876
14879
14885
14894
14906
14909
14927
14928
14932
14937
14945
14947
14951
14963
14967
14975
14983
14987
14991
14995
15003
15019
15027
15031
15039
15043
15047
15055
15063
15079
15083
15087
15095
15107
15115
15123
15127
15135
15139
15143
15147
15151
15155
15167
15175
15183
15187
15195
15203
15227
15238
15242
15246
15250
15258
15262
15266
15274
15302
15314
15318
15334
15346
15358
15365
15368
15374
15386
15392
15395
15401
15404
15410
15422
15434
15440
15445
15447
15449
15453
15467
15482
15488
15491
15497
15509
15515
15527
15536
15551
15554
15557
15560
15566
15578
15581
15587
15593
15599
15605
15608
15611
15614
15617
15626
15629
15635
15638
15641
15647
15659
15665
15668
15680
15683
15686
15689
15692
15698
15701
15704
15707
15710
15725
15728
15734
15740
15749
15752
15757
15763
15767
15772
15780
15788
15796
15798
15806
15810
15826
15830
15834
15842
15850
15858
15862
15871
15877
15886
15892
15904
15907
15910
15913
15916
15924
15928
15932
15936
15940
15944
15948
15962
15970
15974
15982
15986
15994
15998
16002
16006
16010
16014
16018
16022
16026
16030
16034
16038
16042
16046
16050
16054
16066
16070
16074
16078
16082
16090
16094
16098
16102
16110
16114
16118
16122
16126
16134
16138
16142
16146
16150
16154
16158
16162
16166
16170
16174
16178
16182
16190
16198
16206
16222
16230
16238
16242
16246
16262
16283
16286
16292
16301
16304
16307
16310
16316
16322
16325
16331
16346
16350
16354
16358
16374
16378
16398
16406
16410
16414
16418
16422
16426
16430
16439
16442
16450
16454
16458
16462
16466
16474
16478
16482
16490
16494
16498
16510
16514
16518
16522
16526
16534
16538
16542
16546
16550
16556
16565
16568
16574
16586
16589
16595
16598
16601
16604
16607
16610
16616
16619
16622
16625
16628
16631
16637
16640
16643
16646
16649
16655
16661
16667
16670
16676
16679
16682
16685
16688
16691
16694
16700
16709
16712
16718
16721
16724
16727
16730
16733
16738
16754
16758
16762
16770
16774
16778
16782
16790
16794
16798
16802
16806
16810
16814
16822
16830
16838
16846
16854
16862
16866
16870
16874
16878
16886
16890
16894
16898
16902
16906
16910
16914
16918
16922
16926
16930
16934
16946
16954
16970
16974
16978
16982
16986
16990
16994
16998
17002
17006
17010
17018
17022
17026
17030
17034
17038
17050
17054
17058
17062
17074
17078
17082
17090
17094
17098
17102
17106
17110
17114
17118
17122
17126
17130
17134
17138
17142
17146
17150
17154
17158
17166
17170
17174
17178
17190
17194
17198
17202
17206
17210
17214
17218
17226
17230
17234
17242
17246
17250
17254
17258
17262
17266
17270
17278
17286
17294
17306
17310
17314
17318
17322
17326
17330
17334
17338
17342
17350
17354
17358
17362
17366
17370
17374
17378
17382
17386
17390
17394
17398
17402
17410
17414
17426
17430
17434
17438
17442
17446
17450
17454
17458
17462
17466
17470
17482
17486
17490
17498
17506
17510
17514
17518
17522
17526
17530
17534
17538
17542
17546
17550
17554
17558
17562
17566
17570
17574
17586
17590
17594
17598
17602
17606
17610
17614
17618
17623
17626
17632
17635
17638
17641
17644
17647
17650
17653
17656
17662
17665
17668
17671
17674
17677
17680
17683
17686
17689
17692
17698
17707
17713
17716
17725
17728
17731
17734
17737
17740
17743
17746
17749
17752
17755
17758
17764
17770
17773
17776
17779
17782
17785
17788
17791
17794
17797
17800
17803
17806
17812
17815
17818
17824
17830
17833
17836
17839
17842
17845
17848
17851
17854
17857
17860
17863
17866
17869
17872
17875
17881
17884
17890
17896
17902
17905
17908
17911
17914
17917
17920
17923
17926
17929
17932
17935
17938
17941
17944
17947
17950
17956
17959
17962
17965
17968
17971
17974
17977
17980
17983
17986
17989
17992
17995
17998
18001
18007
18013
18016
18019
18022
18025
18028
18031
18034
18037
18040
18043
18046
18049
18052
18055
18058
18061
18064
18067
18070
18076
18085
18088
18091
18094
18097
18100
18106
18109
18112
18115
18118
18121
18124
18127
18130
18133
18139
18142
18145
18148
18151
18154
18157
18160
18166
18169
18172
18175
18181
18184
18187
18190
18193
18196
18199
18202
18205
18208
18211
18217
18220
18223
18226
18229
18232
18235
18238
18241
18244
18247
18253
18256
18259
18262
18265
18268
18271
18274
18277
18280
18283
18286
18289
18292
18295
18298
18301
18304
18307
18310
18313
18316
18319
18328
18331
18334
18337
18340
18343
18346
18349
18352
18355
18358
18361
18364
18367
18370
18373
18376
18379
18382
18385
18391
18394
18397
18400
18403
18406
18409
18412
18415
18418
18421
18424
18427
18430
18433
18436
18439
18442
18445
18448
18451
18454
18457
18460
18463
18466
18469
18472
18475
18478
18481
18484
18487
18490
18493
18496
18499
18502
18505
18508
18516
18518
18528
18533
18538
18543
18548
18553
18558
18578
18588
18598
18603
18613
18618
18623
18628
18633
18643
18648
18653
18663
18668
18678
18683
18688
18693
18698
18703
18708
18723
18733
18743
18763
18768
18773
18778
18783
18793
18798
18803
18808
18813
18818
18823
18828
18833
18838
18843
18848
18853
18863
18868
18873
18878
18883
18888
18893
18898
18908
18913
18918
18923
18928
18933
18938
18943
18948
18953
18958
18963
18968
18973
18978
18983
18988
18993
18998
19003
19008
19013
19023
19028
19033
19038
19043
19048
19058
19063
19068
19073
19078
19088
19098
19108
19118
19123
19128
19133
19138
19143
19148
19153
19158
19163
19168
19173
19178
19183
19188
19193
19198
19208
19218
19228
19243
19253
19258
19263
19273
19283
19288
19293
19298
19307
19313
19319
19321
19323
19325
19327
19329
19331
19333
19335
19337
19339
19341
19343
19349
19353
19357
19359
19363
19369
19371
19373
19375
19379
19381
19383
19386
19392
19403
19415
19419
19429
19434
19444
19459
19464
19469
19479
19484
19489
19499
19504
19509
19519
19524
19529
19534
19539
19544
19549
19554
19559
19569
19574
19579
19589
19609
19614
19624
19629
19644
19649
19654
19659
19664
19669
19674
19679
19684
19689
19694
19704
19709
19714
19719
19724
19729
19734
19739
19744
19749
19754
19759
19764
19769
19774
19779
19789
19794
19799
19804
19814
19819
19824
19829
19834
19839
19844
19849
19854
19864
19869
19874
19879
19884
19889
19894
19899
19904
19909
19914
19919
19924
19929
19934
19944
19949
19954
19959
19964
19979
19984
19989
19994
19999
20009
20014
20019
20029
20044
20049
20059
20064
20069
20074
20079
20084
20089
20094
20104
20114
20119
20124
20129
20139
20144
20149
20169
20179
20184
20189
20194
20199
20209
20214
20219
20224
20229
20234
20244
20249
20259
20264
20269
20274
20279
20284
20289
20294
20299
20304
20309
20314
20319
20324
20334
20339
20344
20354
20364
20369
20374
20379
20389
20396
20400
20412
20420
20432
20436
20444
20448
20452
20460
20464
20468
20472
20476
20480
20484
20488
20492
20496
20500
20508
20512
20516
20520
20524
20528
20532
20540
20544
20552
20560
20564
20568
20572
20576
20580
20588
20592
20596
20600
20604
20608
20612
20616
20620
20624
20628
20636
20640
20644
20648
20660
20664
20668
20672
20676
20680
20684
20688
20692
20696
20700
20704
20708
20712
20720
20724
20732
20740
20744
20748
20756
20760
20764
20768
20772
20776
20780
20784
20788
20792
20800
20804
20808
20812
20816
20820
20828
20832
20836
20844
20852
20856
20868
20872
20876
20880
20888
20892
20896
20900
20904
20908
20912
20916
20920
20928
20932
20936
20940
20944
20948
20952
20968
20976
20980
20992
20996
21000
21004
21008
21012
21016
21020
21024
21028
21032
21036
21040
21044
21048
21052
21056
21064
21068
21076
21080
21084
21088
21092
21096
21104
21108
21112
21116
21120
21124
21128
21132
21136
21140
21144
21148
21152
21156
21160
21164
21168
21172
21176
21180
21184
21192
21196
21200
21204
21208
21224
21228
21232
21236
21240
21244
21248
21252
21256
21260
21264
21268
21272
21276
21284
21288
21292
21296
21300
21304
21308
21312
21316
21328
21332
21336
21344
21348
21352
21356
21360
21364
21368
21372
21380
21392
21396
21400
21404
21408
21412
21416
21420
21424
21428
21432
21436
21440
21444
21456
21460
21464
21468
21472
21480
21484
21488
21492
21496
21500
21504
21508
21512
21516
21528
21532
21536
21548
21552
21556
21560
21568
21572
21576
21580
21584
21588
21592
21596
21600
21604
21608
21612
21616
21620
21624
21628
21632
21636
21644
21648
21652
21656
21660
21664
21668
21672
21676
21680
21684
21688
21692
21696
21700
21705
21711
21714
21717
21720
21723
21726
21729
21735
21738
21756
21759
21762
21765
21771
21780
21784
21800
21817
21847
21853
21879
21889
21894
21902
21912
21917
21922
21942
21961
21966
21971
21991
21996
22021
22056
22061
22066
22076
22086
22111
22131
22141
22161
22171
22186
22196
22206
22216
22226
22237
22245
22257
22265
22281
22285
22305
22325
22353
22357
22365
22381
22389
22393
22409
22414
22422
22426
22446
22450
22471
22493
22501
22525
22581
22605
22608
22613
22623
22633
22673
22688
22720
22752
22758
22785
22817
22825
22853
22865
22873
22985
22993
22999
23013
23057
23067
23073
23092
23111
23115
23127
23132
23138
23155
23159
23163
23171
23175
23179
23205
23220
23230
23237
23253
23266
23282
23290
23302
23310
23326
23341
23352
23358
23362
23390
23398
23428
23433
23461
23469
23525
23527
23531
23539
23543
23547
23553
23559
23563
23567
23569
23573
23575
23577
23579
23581
23583
23585
23648
23654
23683
23755
23761
23773
23807
23842
23965
23986
24052
24104
24152
24196
24264
24312
24354
24394
24622
24642
24826
24989
25034
25040
25081
25096
25102
25149
25157
25173
25185
25197
25209
25265
25293
25305
25309
25321
25333
25341
25396
25421
25429
25465
25521
25525
25529
25533
25645
25681
25705
25745
25765
25829
25857
25865
25905
25909
25913
25981
26069
26125
26233
26257
26369
26397
26410
26498
